section #0: 


    instant_flow: 10.493333333333336
    general_inst_cnt: 63.516666666666666
    conflict_dissolution_cnt: 0.5
    orientation_randomness: 7906.778523662081
    area_traffic_density: 0.03521509609561072
     

payload_mean: 690.292983333333 

payload_list: [669.0909999999997, 764.3040000000004, 747.2309999999991, 767.711, 696.6859999999999, 679.6220000000003, 767.9140000000002, 480.9590000000003, 537.7849999999999, 763.4700000000001, 593.426, 743.0329999999991, 548.8160000000001, 538.6779999999998, 744.464999999999, 753.4819999999993, 760.2299999999996, 764.7550000000001, 433.1869999999997, 734.4189999999992, 432.1669999999997, 769.0210000000001, 748.282999999999, 617.341, 727.9899999999991, 741.4029999999995, 707.6239999999997, 521.1039999999999, 739.6609999999991, 668.668, 769.459, 682.9229999999999, 585.4140000000003, 759.2110000000002, 753.4819999999993, 659.9529999999999, 769.4320000000001, 759.4579999999994, 742.5149999999993, 688.9409999999998, 702.8249999999996, 758.2409999999993, 672.0289999999993, 769.0210000000001, 724.9959999999992, 756.1679999999994, 740.0779999999993, 748.9089999999991, 678.47, 573.1320000000001, 763.2539999999999, 762.487, 749.808999999999, 759.961, 625.5419999999998, 613.0769999999998, 611.1579999999999, 557.4340000000002, 757.5109999999996, 760.1630000000001]

total_flight_length: 409.45737760783294
section #1: 


    instant_flow: 10.713333333333333
    general_inst_cnt: 61.916666666666664
    conflict_dissolution_cnt: 7.083333333333333
    orientation_randomness: 7266.450134524493
    area_traffic_density: 0.01320267585000081
     

payload_mean: 679.6863833333335 

payload_list: [747.2589999999997, 651.8580000000004, 696.5910000000003, 629.2479999999997, 706.4470000000001, 784.1519999999998, 596.1199999999998, 777.1289999999999, 785.6419999999998, 593.945, 664.4260000000004, 764.9329999999999, 789.426, 749.487, 607.159, 608.761, 423.53300000000013, 432.07700000000006, 785.0589999999997, 674.3290000000005, 760.521, 674.3840000000005, 678.451, 781.2349999999999, 781.2049999999998, 631.3379999999995, 780.4679999999998, 789.3010000000002, 632.8469999999995, 442.8040000000001, 605.1849999999998, 600.19, 690.7970000000003, 453.38499999999993, 759.8460000000002, 656.7360000000001, 656.4790000000003, 705.0459999999999, 697.2010000000002, 746.8689999999997, 676.7500000000003, 619.1979999999996, 684.5310000000006, 636.0179999999996, 635.887, 741.2229999999996, 616.8479999999998, 588.6400000000004, 585.9220000000001, 712.8269999999998, 697.1810000000004, 786.5199999999999, 635.7379999999997, 743.9599999999996, 670.6850000000004, 780.9469999999998, 730.0529999999994, 760.196, 696.446, 789.7439999999999]

total_flight_length: 1336.3539661804314
section #2: 


    instant_flow: 13.793333333333333
    general_inst_cnt: 36.43333333333333
    conflict_dissolution_cnt: 0.06666666666666667
    orientation_randomness: 9881.239879917788
    area_traffic_density: 0.02146719597370144
     

payload_mean: 475.79856666666666 

payload_list: [435.42400000000004, 291.6520000000001, 378.3119999999999, 377.13800000000003, 657.9110000000001, 321.88499999999993, 289.4370000000001, 636.2, 356.242, 500.36800000000034, 575.9289999999996, 412.1089999999999, 569.0079999999999, 567.6489999999995, 575.2969999999999, 475.652, 512.8299999999998, 507.0029999999999, 416.7660000000002, 528.5220000000004, 682.7870000000003, 391.9799999999999, 383.693, 566.3279999999997, 354.949, 569.2979999999995, 236.69600000000017, 321.442, 633.7680000000003, 760.9000000000001, 385.17, 575.8699999999997, 589.3190000000001, 535.0059999999999, 348.14100000000013, 697.7150000000003, 390.19599999999986, 529.6170000000001, 484.17000000000024, 510.2650000000007, 510.38099999999986, 414.5329999999999, 447.3270000000004, 471.6790000000001, 534.7469999999998, 383.2630000000001, 510.1979999999998, 388.564, 586.4240000000004, 669.6310000000002, 468.901, 386.5020000000001, 485.84600000000023, 432.6340000000002, 675.8790000000007, 435.24800000000033, 372.88499999999993, 396.4409999999999, 348.96600000000007, 295.22100000000023]

total_flight_length: 872.9305338879013
